Country,Jan Precipitation,Jan Temp Avg,Jan Min Temp,Jan Max Temp,Feb Precipitation,Feb Temp Avg,Feb Min Temp,Feb Max Temp,March Precipitation,March Temp Avg,March Min Temp,March Max Temp
Afghanistan,0.78,42.0,31.0,56.0,1.42,51.37931034482759,29.0,79.0,0.0,60.0,46.0,75.0
Algeria,0.09,44.3,31.0,,0.0,49.172413793103445,26.0,,0.0,52.0,42.0,
Argentina,0.51,74.5,49.0,96.0,1.06,68.27586206896552,41.0,92.0,0.01,74.0,56.0,89.0
Armenia,0.0,17.4,-8.0,41.0,0.53,24.571428571428573,-8.0,45.0,0.16,33.5,28.0,40.0
Australia,0.06999999999999999,80.4,69.0,111.0,14.870000000000001,73.78571428571429,64.0,100.0,0.0,77.5,67.0,103.0
Austria,0.0,33.1,17.0,44.0,2.06,38.62068965517241,17.0,54.0,0.0,43.5,30.0,
Azerbaijan,0.0,42.4,28.0,69.0,11.86,46.0,24.0,81.0,0.11,43.5,37.0,54.0
Bahrain,0.36,61.5,51.0,,0.04,66.34482758620689,50.0,,0.0,69.5,64.0,
Belarus,0.96,33.0,24.0,39.0,0.9400000000000001,33.41379310344828,15.0,48.0,0.2,38.5,28.0,44.0
Belgium,0.56,40.9,28.0,52.0,3.599999999999999,44.689655172413794,30.0,62.0,0.21,43.0,40.0,48.0
Bosnia,1.23,50.5,38.0,62.0,1.33,52.10344827586207,38.0,67.0,0.01,57.0,48.0,64.0
Brazil,0.7100000000000001,79.5,69.0,93.0,9.11,78.96551724137932,70.0,100.0,2.12,72.0,,78.0
Cambodia,0.0,82.1,75.0,,0.0,84.06896551724138,71.0,,0.0,86.5,,
Cameroon,0.0,83.3,70.0,97.0,0.24,84.41379310344827,72.0,95.0,0.94,84.0,74.0,93.0
Canada,0.0,33.9,15.0,51.0,0.78,26.137931034482758,-1.0,52.0,0.0,33.0,12.0,46.0
Chile,0.0,63.8,49.0,80.0,0.16999999999999998,62.37931034482759,48.0,81.0,0.0,59.0,57.0,65.0
China,1.05,41.6,27.0,57.0,4.499999999999999,49.10344827586207,27.0,77.0,0.04,48.0,39.0,57.0
Colombia,3.7,70.7,63.0,80.0,0.26,74.58620689655173,64.0,90.0,0.0,75.0,66.0,83.0
Costa Rica,0.0,82.0,61.0,96.0,0.0,85.55172413793103,63.0,99.0,0.0,86.0,75.0,96.0
Croatia,0.45,35.9,20.0,,1.2100000000000002,44.827586206896555,26.0,,0.21,52.0,46.0,
Czech Republic,1.3800000000000001,30.9,21.0,37.0,7.079999999999998,33.793103448275865,24.0,44.0,0.16,36.0,31.0,
Denmark,0.29,41.8,28.0,47.0,4.260000000000001,40.241379310344826,24.0,49.0,0.44,40.5,37.0,47.0
Dominican Republic,0.2,79.8,66.0,89.0,0.94,81.79310344827586,67.0,90.0,0.05,81.5,70.0,88.0
Ecuador,0.12,80.1,72.0,88.0,0.24,82.20689655172414,74.0,92.0,0.0,84.0,,91.0
Egypt,0.0,53.5,38.0,70.0,0.0,58.44827586206897,42.0,79.0,0.0,58.5,45.0,72.0
Estonia,0.0,38.1,34.0,42.0,0.0,36.62068965517241,23.0,44.0,0.0,38.0,35.0,41.0
Faroe Islands,1.62,40.1,32.0,49.0,7.979999999999999,38.758620689655174,28.0,48.0,2.26,37.0,35.0,41.0
Finland,0.38,2.3,-30.0,26.0,2.06,17.0,-21.0,36.0,0.01,2.5,-19.0,16.0
France,0.8099999999999999,41.7,26.0,57.0,5.680000000000001,46.310344827586206,33.0,62.0,0.27,44.0,39.0,49.0
Georgia,0.18,34.5,18.0,53.0,0.78,36.44827586206897,12.0,66.0,0.12,43.5,38.0,53.0
Germany,0.27999999999999997,35.7,21.0,55.0,0.0,41.48275862068966,,,0.0,45.0,,
Greece,0.5900000000000001,53.2,39.0,63.0,1.57,53.6551724137931,35.0,67.0,0.0,53.5,41.0,63.0
Hungary,0.58,33.7,20.0,58.0,1.54,43.58620689655172,26.0,61.0,0.37,48.5,39.0,58.0
Iceland,0.0,33.0,24.0,46.0,0.0,32.724137931034484,21.0,47.0,0.0,35.5,31.0,38.0
India,0.0,78.3,60.0,92.0,0.16,78.72413793103448,59.0,94.0,0.0,81.5,68.0,91.0
Indonesia,0.0,81.1,71.0,92.0,0.0,81.39285714285714,71.0,92.0,0.0,82.5,74.0,90.0
Iran,0.13,41.8,29.0,64.0,0.75,48.275862068965516,21.0,76.0,0.0,56.5,45.0,71.0
Iraq,1.18,54.714285714285715,39.0,67.0,0.0,60.78260869565217,31.0,78.0,0.0,66.0,48.0,
Ireland,0.0,43.4,30.0,,0.33999999999999997,42.96551724137931,33.0,,0.0,37.5,33.0,
Israel,0.0,53.1,38.0,67.0,0.0,57.48275862068966,41.0,75.0,0.0,59.5,,67.0
Italy,0.03,28.8,19.0,41.0,0.04,27.448275862068964,12.0,45.0,0.47,26.0,21.0,29.0
Japan,2.6399999999999997,43.9,30.0,56.0,6.96,41.3448275862069,26.0,62.0,0.13999999999999999,45.5,35.0,57.0
Jordan,0.14,44.3,31.0,59.0,0.6800000000000002,48.51724137931034,29.0,70.0,0.46,49.5,38.0,56.0
Kuwait,0.0,56.0,43.0,72.0,0.31,62.10344827586207,33.0,90.0,0.0,68.5,56.0,88.0
Latvia,0.0,35.8,,,0.0,34.724137931034484,,,0.0,39.0,,
Lebanon,2.49,42.6,27.0,61.0,3.8100000000000005,45.5,26.0,69.0,0.92,46.0,37.0,60.0
Lithuania,0.38,36.3,28.0,44.0,1.15,35.96551724137931,19.0,51.0,0.08,41.0,36.0,48.0
Malaysia,0.0,82.7,69.0,,0.5,81.82758620689656,69.0,,0.0,83.5,76.0,
Mexico,0.0,61.4,43.0,76.0,0.0,66.11111111111111,42.0,87.0,0.0,71.0,51.0,83.0
Morocco,0.64,58.1,44.0,75.0,0.01,62.62068965517241,45.0,75.0,0.01,64.0,53.0,71.0
Netherlands,0.97,42.4,34.0,53.0,3.0000000000000004,45.827586206896555,36.0,57.0,0.30000000000000004,43.0,40.0,48.0
Nigeria,0.0,81.8,69.0,98.0,0.0,84.75862068965517,67.0,101.0,0.0,84.0,76.0,99.0
Norway,0.0,42.4,37.0,46.0,0.0,40.758620689655174,32.0,46.0,0.0,41.0,36.0,44.0
Oman,0.0,73.7,61.0,85.0,0.0,75.48275862068965,64.0,92.0,0.0,77.0,69.0,
Pakistan,0.0,65.2,50.0,79.0,0.0,71.55172413793103,48.0,73.0,0.0,74.5,63.0,
Peru,0.78,81.4,73.0,95.0,9.879999999999999,79.72413793103448,71.0,,0.28,80.0,,
Philippines,0.0,76.6,63.0,89.0,0.0,78.34482758620689,60.0,92.0,0.0,79.5,67.0,89.0
Poland,0.22000000000000003,35.1,29.0,43.0,2.37,36.3448275862069,20.0,55.0,0.01,42.0,32.0,51.0
Portugal,0.55,60.7,52.0,,2.07,62.758620689655174,52.0,,0.0,65.0,,
Qatar,0.01,62.7,55.0,,0.0,67.65517241379311,51.0,,0.0,69.5,62.0,
Romania,0.03,36.9,24.0,54.0,3.0300000000000002,37.06896551724138,15.0,62.0,0.0,42.0,,58.0
Russia,0.94,28.0,8.0,36.0,1.48,26.275862068965516,-9.0,44.0,0.0,33.0,22.0,43.0
Saudi Arabia,0.0,47.2,28.0,65.0,0.08,56.06896551724138,27.0,81.0,0.0,58.5,45.0,72.0
Senegal,0.0,85.9,63.0,,0.0,86.06896551724138,62.0,101.0,0.0,87.0,68.0,
Serbia,0.84,36.1,20.0,58.0,1.79,43.55172413793103,24.0,69.0,0.07,52.5,41.0,64.0
Singapore,2.34,82.5,75.0,,2.5500000000000003,82.24137931034483,75.0,,0.0,83.0,77.0,
Slovakia,13.27,28.5,18.0,36.0,2.6399999999999997,37.13793103448276,19.0,52.0,0.21,41.5,34.0,
Slovenia,0.61,26.2,12.0,39.0,2.29,24.0,5.0,39.0,0.17,22.5,14.0,25.0
South Africa,0.48,70.5,51.0,93.0,0.16000000000000003,74.41379310344827,53.0,105.0,0.0,72.0,53.0,92.0
South Korea,0.63,40.5,32.0,,7.09,39.96551724137931,23.0,,0.07,42.0,39.0,
Spain,0.31000000000000005,44.9,33.0,59.0,0.1,45.206896551724135,26.0,67.0,0.26,48.5,43.0,61.0
Sri Lanka,0.46,80.7,71.0,87.0,0.81,81.58620689655173,71.0,90.0,0.0,81.0,73.0,89.0
Switzerland,0.7599999999999999,36.9,24.0,57.0,2.69,43.758620689655174,26.0,66.0,0.6900000000000001,42.5,33.0,
Thailand,0.0,81.6,69.0,95.0,0.48000000000000004,82.79310344827586,69.0,96.0,0.0,82.5,71.0,96.0
Togo,0.0,84.4,67.0,103.0,0.0,86.14285714285714,66.0,107.0,0.0,91.5,78.0,108.0
Tunisia,0.0,51.8,35.0,70.0,0.13,53.48275862068966,32.0,78.0,0.0,57.5,38.0,76.0
Ukraine,0.71,33.4,26.0,47.0,1.3200000000000003,34.55172413793103,9.0,52.0,0.0,39.0,33.0,45.0
United Arab Emirates,0.03,64.9,52.0,,0.0,69.10344827586206,48.0,,0.0,71.5,61.0,
United Kingdom,0.34,43.9,31.0,54.0,4.6499999999999995,39.96551724137931,26.0,50.0,0.17,39.5,35.0,47.0
United States,0.21,53.7,43.0,66.0,0.0,53.96296296296296,35.0,77.0,0.0,55.0,42.0,73.0
Vietnam,0.83,79.0,,91.0,0.09,80.93103448275862,71.0,90.0,0.53,82.0,,
